{
  "advancedEditorSelectedIdentifier" : "ProjectBrowser",
  "openSceneRelativePaths" : [
    "ClamScene.usda",
    "FishScene.usda",
    "SlugScene.usda",
    "StarfishScene.usda"
  ],
  "recentIdentifiers" : {
    "26DBAE76-5DD8-47B6-A085-1B4ADA111097" : [

    ],
    "4D6D1289-0B8E-4C1D-8A38-748F0FF61B81" : [

    ]
  },
  "sceneCameraHistory" : {
    "26DBAE76-5DD8-47B6-A085-1B4ADA111097" : [
      {
        "date" : 756166478.219332,
        "title" : "Untitled",
        "transform" : [
          0.94386905,
          1.54565e-08,
          0.33031982,
          0,
          0.157536,
          0.8789469,
          -0.4501497,
          0,
          -0.29033366,
          0.47691968,
          0.8296108,
          0,
          0.0999317,
          1.3636297,
          1.9887586,
          1
        ]
      },
      {
        "date" : 756166471.138375,
        "title" : "Untitled",
        "transform" : [
          0.42369968,
          1.2838624e-08,
          0.90580267,
          0,
          0.5723861,
          0.77504146,
          -0.26774022,
          0,
          -0.70203465,
          0.6319103,
          0.3283848,
          0,
          -1.0314213,
          1.6763692,
          1.3099794,
          1
        ]
      },
      {
        "date" : 756166464.560444,
        "title" : "Untitled",
        "transform" : [
          0.9787257,
          2.3445563e-09,
          -0.20517316,
          0,
          -0.07289949,
          0.9347497,
          -0.34774816,
          0,
          0.19178553,
          0.35530704,
          0.91486347,
          0,
          0.32650304,
          1.2482895,
          2.268433,
          1
        ]
      }
    ],
    "4D6D1289-0B8E-4C1D-8A38-748F0FF61B81" : [
      {
        "date" : 756166927.065974,
        "title" : "Untitled",
        "transform" : [
          0.9245924,
          3.7270764e-09,
          0.38095793,
          0,
          0.30048475,
          0.61469984,
          -0.72928256,
          0,
          -0.23417479,
          0.78876096,
          0.568347,
          0,
          -0.045158803,
          0.1465423,
          0.11913999,
          1
        ]
      },
      {
        "date" : 756166922.088147,
        "title" : "Untitled",
        "transform" : [
          0.93445724,
          -2.4627012e-10,
          0.35607538,
          0,
          0.21468155,
          0.79780877,
          -0.56339407,
          0,
          -0.2840801,
          0.60291034,
          0.7455184,
          0,
          -0.017955594,
          0.032809127,
          0.05461604,
          1
        ]
      },
      {
        "date" : 756166914.775336,
        "title" : "Untitled",
        "transform" : [
          0.9689137,
          -2.4627012e-10,
          -0.24739897,
          0,
          -0.14915945,
          0.79780877,
          -0.5841682,
          0,
          0.19737712,
          0.60291034,
          0.773008,
          0,
          1.2187638,
          3.693759,
          4.69044,
          1
        ]
      },
      {
        "date" : 756166880.119992,
        "title" : "Untitled",
        "transform" : [
          0.9999821,
          -2.4627012e-10,
          0.005986564,
          0,
          0.0036093357,
          0.7978089,
          -0.60289973,
          0,
          -0.0047761216,
          0.60291034,
          0.79779464,
          0,
          -0.017086992,
          0.6881201,
          1.1816721,
          1
        ]
      },
      {
        "date" : 756166867.198102,
        "title" : "Untitled",
        "transform" : [
          0.97072405,
          -2.1911895e-10,
          0.24019735,
          0,
          0.18105666,
          0.65712345,
          -0.7317154,
          0,
          -0.1578393,
          0.7537829,
          0.6378856,
          0,
          -0.4614121,
          1.794636,
          1.8179641,
          1
        ]
      },
      {
        "date" : 756166864.195678,
        "title" : "Untitled",
        "transform" : [
          0.97072405,
          -2.1911895e-10,
          0.24019735,
          0,
          0.18105666,
          0.65712345,
          -0.7317154,
          0,
          -0.15783931,
          0.75378305,
          0.63788563,
          0,
          -0.33175507,
          1.7997439,
          1.8440108,
          1
        ]
      },
      {
        "date" : 756166859.85739,
        "title" : "Untitled",
        "transform" : [
          1,
          0,
          0,
          0,
          0,
          0.7071069,
          -0.70710677,
          0,
          0,
          0.70710677,
          0.7071069,
          0,
          0.117386624,
          1.6687067,
          1.9888732,
          1
        ]
      }
    ],
    "76C86B9E-16BB-4704-8B84-4C6AD2FC54DD" : [
      {
        "date" : 756166757.613312,
        "title" : "Untitled",
        "transform" : [
          1,
          0,
          0,
          0,
          0,
          0.7071069,
          -0.70710677,
          0,
          0,
          0.70710677,
          0.7071069,
          0,
          -0.28566545,
          2.0545444,
          1.6030359,
          1
        ]
      },
      {
        "date" : 756166736.078852,
        "title" : "Untitled",
        "transform" : [
          1,
          0,
          0,
          0,
          0,
          0.7071069,
          -0.70710677,
          0,
          0,
          0.70710677,
          0.7071069,
          0,
          -0.24365558,
          2.131779,
          1.5258012,
          1
        ]
      },
      {
        "date" : 756166733.279435,
        "title" : "Untitled",
        "transform" : [
          1,
          0,
          0,
          0,
          0,
          0.7071069,
          -0.70710677,
          0,
          0,
          0.70710677,
          0.7071069,
          0,
          0.21844952,
          2.0129616,
          1.644619,
          1
        ]
      }
    ],
    "AF98F6A2-0E38-4A33-8F03-0BF02AFE302E" : [
      {
        "date" : 756166829.726082,
        "title" : "Untitled",
        "transform" : [
          0.7377248,
          -6.410694e-10,
          0.6751016,
          0,
          0.19772843,
          0.95614713,
          -0.21606995,
          0,
          -0.6454965,
          0.29288694,
          0.70537347,
          0,
          -1.6668125,
          0.75960666,
          1.8260102,
          1
        ]
      }
    ]
  },
  "sceneViewportBackgroundColors" : {

  },
  "selectedSceneRelativePath" : "StarfishScene.usda"
}